[gd_scene load_steps=2 format=3 uid="uid://gi86my0pjg6q"]

[ext_resource type="PackedScene" uid="uid://b25x5u3i360p1" path="res://resources/mario/chloe.glb" id="1_71pae"]

[node name="3D Mario Example" instance=ExtResource("1_71pae")]

[node name="Root" parent="Node2" index="0"]
transform = Transform3D(0.985976, 0, -0.16689, 0, 1, 0, 0.16689, 0, 0.985976, 0, -0.293329, 0.424693)

[node name="UpBody18" parent="Node2/Root/AllBody" index="0"]
transform = Transform3D(0.997703, 0.00545855, -0.0675257, -0.00956371, 0.998115, -0.0606211, 0.0670675, 0.0611276, 0.995874, 0, -0.126394, 0)

[node name="Head2" parent="Node2/Root/AllBody/UpBody18/UpperBody28/AllHead2" index="1"]
transform = Transform3D(0.998555, -0.0449564, 0.0294531, 0.0168674, 0.782462, 0.62247, -0.05103, -0.621074, 0.782089, 0.0323087, 0.0579569, 0.0316263)

[node name="RightArm3" parent="Node2/Root/AllBody/UpBody18/UpperBody28/Arm" index="0"]
transform = Transform3D(0.480479, -0.210724, 0.851314, 0.795483, 0.513419, -0.321882, -0.369252, 0.831863, 0.414314, 0.325815, 0.0280875, 0)

[node name="RightForeArm5" parent="Node2/Root/AllBody/UpBody18/UpperBody28/Arm/RightArm3" index="2"]
transform = Transform3D(0.992727, 0.120389, 0, -0.120389, 0.992727, 0, 0, 0, 1, 0.04736, -0.385057, 0.00140437)

[node name="LeftArm3" parent="Node2/Root/AllBody/UpBody18/UpperBody28/Arm" index="1"]
transform = Transform3D(0.814652, 0.560268, 0.149805, -0.579333, 0.798084, 0.165637, -0.0267563, -0.221724, 0.974742, 0, 0.0280875, 0)

[node name="LeftForeArm3" parent="Node2/Root/AllBody/UpBody18/UpperBody28/Arm/LeftArm3" index="2"]
transform = Transform3D(0.970535, 0.146226, -0.19152, -0.239525, 0.672094, -0.700655, 0.0262656, 0.725884, 0.687315, -0.04736, -0.385057, 0.00140437)

[node name="DownBody21" parent="Node2/Root/AllBody" index="1"]
transform = Transform3D(0.999376, 0.0353168, -0.000781871, -0.0336856, 0.946085, -0.322162, -0.010638, 0.321987, 0.946684, 0, -0.0919769, 0.0154481)

[node name="RightLeg7" parent="Node2/Root/AllBody/DownBody21/Leg" index="0"]
transform = Transform3D(0.991441, -0.0911714, 0.0934503, 0.0408462, 0.896456, 0.441246, -0.124003, -0.433652, 0.892507, 0.01284, 0, 0)

[node name="RightLowerLeg3" parent="Node2/Root/AllBody/DownBody21/Leg/RightLeg7" index="7"]
transform = Transform3D(0.999932, -0.00860561, 0.00790019, 0.00177196, 0.780174, 0.62556, -0.0115468, -0.625503, 0.780136, 0.0308963, -0.514001, -0.0140438)

[node name="RightFoot22" parent="Node2/Root/AllBody/DownBody21/Leg/RightLeg7/RightLowerLeg3" index="3"]
transform = Transform3D(0.999893, -0.00229506, -0.0144522, -0.00712585, 0.786249, -0.617868, 0.0127811, 0.617905, 0.786149, -0.000195, -0.480296, -0.0119369)

[node name="LeftLeg7" parent="Node2/Root/AllBody/DownBody21/Leg" index="1"]
transform = Transform3D(0.988192, 0.11279, 0.103706, -0.0236974, 0.781202, -0.623828, -0.151377, 0.614005, 0.77465, -0.181365, 0, 0)

[node name="LeftLowerLeg2" parent="Node2/Root/AllBody/DownBody21/Leg/LeftLeg7" index="8"]
transform = Transform3D(0.999977, -0.00650291, -0.00207844, 0.00481409, 0.455798, 0.89007, -0.0048407, -0.89006, 0.455818, -0.0308963, -0.514001, -0.0140438)

[node name="LeftFoot22" parent="Node2/Root/AllBody/DownBody21/Leg/LeftLeg7/LeftLowerLeg2" index="2"]
transform = Transform3D(0.999999, -0.00122558, -4.72366e-06, 0.00122141, 0.996906, -0.0785973, 0.000101036, 0.0785973, 0.996906, 0.000195, -0.480296, -0.0119369)
